1
Mohsin
Khilkhet
BSSE1101
20191101
88 98 77 86 67 43
0 0 0 0 0 0
0 0 0 0 0 0
0 0 0 0 0 0
0 0 0 0 0 0
0 0 0 0 0 0
0 0 0 0 0 0
0 0 0 0 0 0
2
Fahim Morshed
Mogbazar
BSSE1102
20191102
90 56 67 87 68 96
0 0 0 0 0 0
0 0 0 0 0 0
0 0 0 0 0 0
0 0 0 0 0 0
0 0 0 0 0 0
0 0 0 0 0 0
0 0 0 0 0 0
3
Jholak
FH
BSSE1103
20191103
90 56 67 87 68 96
0 0 0 0 0 0
0 0 0 0 0 0
0 0 0 0 0 0
0 0 0 0 0 0
0 0 0 0 0 0
0 0 0 0 0 0
0 0 0 0 0 0
4
Siam Ahmed
Chankharpul
BSSE1104
20191104
90 56 67 87 68 96
0 0 0 0 0 0
0 0 0 0 0 0
0 0 0 0 0 0
0 0 0 0 0 0
0 0 0 0 0 0
0 0 0 0 0 0
0 0 0 0 0 0
5
Fahad Hossain
Nakhalpara
BSSE1105
20191105
90 56 67 87 68 96
0 0 0 0 0 0
0 0 0 0 0 0
0 0 0 0 0 0
0 0 0 0 0 0
0 0 0 0 0 0
0 0 0 0 0 0
0 0 0 0 0 0
6
Shirsho
Kathalbagan
BSSE1106
20191106
90 56 67 87 68 96
0 0 0 0 0 0
0 0 0 0 0 0
0 0 0 0 0 0
0 0 0 0 0 0
0 0 0 0 0 0
0 0 0 0 0 0
0 0 0 0 0 0
7
Nousin
Mohammodpur
BSSE1107
20191107
90 56 67 87 68 96
0 0 0 0 0 0
0 0 0 0 0 0
0 0 0 0 0 0
0 0 0 0 0 0
0 0 0 0 0 0
0 0 0 0 0 0
0 0 0 0 0 0
8
Sakib
Mirpur
BSSE1108
20191108
90 56 67 87 68 96
0 0 0 0 0 0
0 0 0 0 0 0
0 0 0 0 0 0
0 0 0 0 0 0
0 0 0 0 0 0
0 0 0 0 0 0
0 0 0 0 0 0
9
Mahin
Cantonment
BSSE1109
20191109
90 56 67 87 68 96
0 0 0 0 0 0
0 0 0 0 0 0
0 0 0 0 0 0
0 0 0 0 0 0
0 0 0 0 0 0
0 0 0 0 0 0
0 0 0 0 0 0
10
Mushfik
Mohammodpur
BSSE1110
20191110
90 56 67 87 68 96
0 0 0 0 0 0
0 0 0 0 0 0
0 0 0 0 0 0
0 0 0 0 0 0
0 0 0 0 0 0
0 0 0 0 0 0
0 0 0 0 0 0
11
Kazi Muktadir
Kolabagan
BSSE1111
20191111
90 56 67 87 68 96
0 0 0 0 0 0
0 0 0 0 0 0
0 0 0 0 0 0
0 0 0 0 0 0
0 0 0 0 0 0
0 0 0 0 0 0
0 0 0 0 0 0
12
Arif Hasan
FH
BSSE1112
20191112
90 56 67 87 68 96
0 0 0 0 0 0
0 0 0 0 0 0
0 0 0 0 0 0
0 0 0 0 0 0
0 0 0 0 0 0
0 0 0 0 0 0
0 0 0 0 0 0
13
Inzamam ul haque
Chankharpul
BSSE1113
20191113
90 56 67 87 68 96
0 0 0 0 0 0
0 0 0 0 0 0
0 0 0 0 0 0
0 0 0 0 0 0
0 0 0 0 0 0
0 0 0 0 0 0
0 0 0 0 0 0
14
Mustahid
Basabo
BSSE1114
20191114
90 56 67 87 68 96
0 0 0 0 0 0
0 0 0 0 0 0
0 0 0 0 0 0
0 0 0 0 0 0
0 0 0 0 0 0
0 0 0 0 0 0
0 0 0 0 0 0
15
Jitesh Sureka
Bata Signal
BSSE1115
20191115
90 56 67 87 68 96
0 0 0 0 0 0
0 0 0 0 0 0
0 0 0 0 0 0
0 0 0 0 0 0
0 0 0 0 0 0
0 0 0 0 0 0
0 0 0 0 0 0
16
Muktar
AK
BSSE1116
20191116
90 56 67 87 68 96
0 0 0 0 0 0
0 0 0 0 0 0
0 0 0 0 0 0
0 0 0 0 0 0
0 0 0 0 0 0
0 0 0 0 0 0
0 0 0 0 0 0
17
Raisul Islam Rahat
Chankharpul
BSSE1117
20191117
90 56 67 87 68 96
0 0 0 0 0 0
0 0 0 0 0 0
0 0 0 0 0 0
0 0 0 0 0 0
0 0 0 0 0 0
0 0 0 0 0 0
0 0 0 0 0 0
18
Khairul Alom
Chankharpul
BSSE1118
20191118
90 56 67 87 68 96
0 0 0 0 0 0
0 0 0 0 0 0
0 0 0 0 0 0
0 0 0 0 0 0
0 0 0 0 0 0
0 0 0 0 0 0
0 0 0 0 0 0
19
Jubayer Hossain
AK
BSSE1119
20191119
90 56 67 87 68 96
0 0 0 0 0 0
0 0 0 0 0 0
0 0 0 0 0 0
0 0 0 0 0 0
0 0 0 0 0 0
0 0 0 0 0 0
0 0 0 0 0 0
20
Alif
Jatrabari
BSSE1120
20191120
90 56 67 87 68 96
0 0 0 0 0 0
0 0 0 0 0 0
0 0 0 0 0 0
0 0 0 0 0 0
0 0 0 0 0 0
0 0 0 0 0 0
0 0 0 0 0 0
21
Piash
Katabon
BSSE1121
20191121
90 56 67 87 68 96
0 0 0 0 0 0
0 0 0 0 0 0
0 0 0 0 0 0
0 0 0 0 0 0
0 0 0 0 0 0
0 0 0 0 0 0
0 0 0 0 0 0
22
Saad Noor
Mugdha
BSSE1122
20191122
90 56 67 87 68 96
0 0 0 0 0 0
0 0 0 0 0 0
0 0 0 0 0 0
0 0 0 0 0 0
0 0 0 0 0 0
0 0 0 0 0 0
0 0 0 0 0 0
23
Nahid
Chankharpul
BSSE1123
20191123
90 56 67 87 68 96
0 0 0 0 0 0
0 0 0 0 0 0
0 0 0 0 0 0
0 0 0 0 0 0
0 0 0 0 0 0
0 0 0 0 0 0
0 0 0 0 0 0
24
Sakib
Mirpur
BSSE1124
20191124
90 56 67 87 68 96
0 0 0 0 0 0
0 0 0 0 0 0
0 0 0 0 0 0
0 0 0 0 0 0
0 0 0 0 0 0
0 0 0 0 0 0
0 0 0 0 0 0
25
Shafik
Jigatola
BSSE1125
20191125
90 56 67 87 68 96
0 0 0 0 0 0
0 0 0 0 0 0
0 0 0 0 0 0
0 0 0 0 0 0
0 0 0 0 0 0
0 0 0 0 0 0
0 0 0 0 0 0
26
Rudro
Katabon
BSSE1126
20191126
90 56 67 87 68 96
0 0 0 0 0 0
0 0 0 0 0 0
0 0 0 0 0 0
0 0 0 0 0 0
0 0 0 0 0 0
0 0 0 0 0 0
0 0 0 0 0 0
27
Tahmeed
Narayongonj
BSSE1127
20191127
90 56 67 87 68 96
0 0 0 0 0 0
0 0 0 0 0 0
0 0 0 0 0 0
0 0 0 0 0 0
0 0 0 0 0 0
0 0 0 0 0 0
0 0 0 0 0 0
28
Tasmia
Dhanmondi
BSSE1128
20191128
88 98 77 86 67 43
0 0 0 0 0 0
0 0 0 0 0 0
0 0 0 0 0 0
0 0 0 0 0 0
0 0 0 0 0 0
0 0 0 0 0 0
0 0 0 0 0 0
29
Rakib
Khikhet
BSSE1129
20191129
90 56 67 87 68 96
0 0 0 0 0 0
0 0 0 0 0 0
0 0 0 0 0 0
0 0 0 0 0 0
0 0 0 0 0 0
0 0 0 0 0 0
0 0 0 0 0 0
30
Galib
Buet
BSSE1130
20191130
90 56 67 87 68 96
0 0 0 0 0 0
0 0 0 0 0 0
0 0 0 0 0 0
0 0 0 0 0 0
0 0 0 0 0 0
0 0 0 0 0 0
0 0 0 0 0 0
31
Adnan
Elephant Road
BSSE1131
20191131
90 56 67 87 68 96
0 0 0 0 0 0
0 0 0 0 0 0
0 0 0 0 0 0
0 0 0 0 0 0
0 0 0 0 0 0
0 0 0 0 0 0
0 0 0 0 0 0
32
Proma
AK
BSSE1132
20191132
90 56 67 87 68 96
0 0 0 0 0 0
0 0 0 0 0 0
0 0 0 0 0 0
0 0 0 0 0 0
0 0 0 0 0 0
0 0 0 0 0 0
0 0 0 0 0 0
33
Mohsin
Khilkhet
BSSE1001
20181001
88 98 77 86 67 43
44 55 66 44 66 66
88 77 66 67 77 55
0 0 0 0 0 0
0 0 0 0 0 0
0 0 0 0 0 0
0 0 0 0 0 0
0 0 0 0 0 0
34
Fahim Morshed
Mogbazar
BSSE1002
20181002
90 56 67 87 68 96
44 55 66 44 66 66
88 77 66 67 77 55
0 0 0 0 0 0
0 0 0 0 0 0
0 0 0 0 0 0
0 0 0 0 0 0
0 0 0 0 0 0
35
Jholak
FH
BSSE1003
20181003
90 56 67 87 68 96
44 55 66 44 66 66
88 77 66 67 77 55
0 0 0 0 0 0
0 0 0 0 0 0
0 0 0 0 0 0
0 0 0 0 0 0
0 0 0 0 0 0
36
Siam Ahmed
Chankharpul
BSSE1004
20181004
90 56 67 87 68 96
44 55 66 44 66 66
88 77 66 67 77 55
0 0 0 0 0 0
0 0 0 0 0 0
0 0 0 0 0 0
0 0 0 0 0 0
0 0 0 0 0 0
37
Fahad Hossain
Nakhalpara
BSSE1005
20181005
90 56 67 87 68 96
44 55 66 44 66 66
88 77 66 67 77 55
0 0 0 0 0 0
0 0 0 0 0 0
0 0 0 0 0 0
0 0 0 0 0 0
0 0 0 0 0 0
6
Shirsho
Kathalbagan
BSSE1006
20191006
90 56 67 87 68 96
44 55 66 44 66 66
88 77 66 67 77 55
0 0 0 0 0 0
0 0 0 0 0 0
0 0 0 0 0 0
0 0 0 0 0 0
0 0 0 0 0 0
7
Nousin
Mohammodpur
BSSE1007
20191007
90 56 67 87 68 96
44 55 66 44 66 66
88 77 66 67 77 55
0 0 0 0 0 0
0 0 0 0 0 0
0 0 0 0 0 0
0 0 0 0 0 0
0 0 0 0 0 0
8
Sakib
Mirpur
BSSE1008
20191008
90 56 67 87 68 96
44 55 66 44 66 66
88 77 66 67 77 55
0 0 0 0 0 0
0 0 0 0 0 0
0 0 0 0 0 0
0 0 0 0 0 0
0 0 0 0 0 0
9
Mahin
Cantonment
BSSE1009
20191009
90 56 67 87 68 96
44 55 66 44 66 66
88 77 66 67 77 55
0 0 0 0 0 0
0 0 0 0 0 0
0 0 0 0 0 0
0 0 0 0 0 0
0 0 0 0 0 0
10
Mushfik
Mohammodpur
BSSE1010
20191010
90 56 67 87 68 96
44 55 66 44 66 66
88 77 66 67 77 55
0 0 0 0 0 0
0 0 0 0 0 0
0 0 0 0 0 0
0 0 0 0 0 0
0 0 0 0 0 0
11
Kazi Muktadir
Kolabagan
BSSE1011
20191011
90 56 67 87 68 96
44 55 66 44 66 66
88 77 66 67 77 55
0 0 0 0 0 0
0 0 0 0 0 0
0 0 0 0 0 0
0 0 0 0 0 0
0 0 0 0 0 0
12
Arif Hasan
FH
BSSE1012
20191012
90 56 67 87 68 96
44 55 66 44 66 66
88 77 66 67 77 55
0 0 0 0 0 0
0 0 0 0 0 0
0 0 0 0 0 0
0 0 0 0 0 0
0 0 0 0 0 0
13
Inzamam ul haque
Chankharpul
BSSE1013
20191013
90 56 67 87 68 96
44 55 66 44 66 66
88 77 66 67 77 55
0 0 0 0 0 0
0 0 0 0 0 0
0 0 0 0 0 0
0 0 0 0 0 0
0 0 0 0 0 0
14
Mustahid
Basabo
BSSE1014
20191014
90 56 67 87 68 96
44 55 66 44 66 66
88 77 66 67 77 55
0 0 0 0 0 0
0 0 0 0 0 0
0 0 0 0 0 0
0 0 0 0 0 0
0 0 0 0 0 0
15
Jitesh Sureka
Bata Signal
BSSE1015
20191015
90 56 67 87 68 96
44 55 66 44 66 66
88 77 66 67 77 55
0 0 0 0 0 0
0 0 0 0 0 0
0 0 0 0 0 0
0 0 0 0 0 0
0 0 0 0 0 0
16
Muktar
AK
BSSE1016
20191016
90 56 67 87 68 96
44 55 66 44 66 66
88 77 66 67 77 55
0 0 0 0 0 0
0 0 0 0 0 0
0 0 0 0 0 0
0 0 0 0 0 0
0 0 0 0 0 0
17
Raisul Islam Rahat
Chankharpul
BSSE1017
20191017
90 56 67 87 68 96
44 55 66 44 66 66
88 77 66 67 77 55
0 0 0 0 0 0
0 0 0 0 0 0
0 0 0 0 0 0
0 0 0 0 0 0
0 0 0 0 0 0
18
Khairul Alom
Chankharpul
BSSE1018
20191018
90 56 67 87 68 96
44 55 66 44 66 66
88 77 66 67 77 55
0 0 0 0 0 0
0 0 0 0 0 0
0 0 0 0 0 0
0 0 0 0 0 0
0 0 0 0 0 0
19
Jubayer Hossain
AK
BSSE1019
20191019
90 56 67 87 68 96
44 55 66 44 66 66
88 77 66 67 77 55
0 0 0 0 0 0
0 0 0 0 0 0
0 0 0 0 0 0
0 0 0 0 0 0
0 0 0 0 0 0
20
Alif
Jatrabari
BSSE1020
20191020
90 56 67 87 68 96
44 55 66 44 66 66
88 77 66 67 77 55
0 0 0 0 0 0
0 0 0 0 0 0
0 0 0 0 0 0
0 0 0 0 0 0
0 0 0 0 0 0
21
Piash
Katabon
BSSE1021
20191021
90 56 67 87 68 96
44 55 66 44 66 66
88 77 66 67 77 55
0 0 0 0 0 0
0 0 0 0 0 0
0 0 0 0 0 0
0 0 0 0 0 0
0 0 0 0 0 0
22
Saad Noor
Mugdha
BSSE1022
20191022
90 56 67 87 68 96
44 55 66 44 66 66
88 77 66 67 77 55
0 0 0 0 0 0
0 0 0 0 0 0
0 0 0 0 0 0
0 0 0 0 0 0
0 0 0 0 0 0
23
Nahid
Chankharpul
BSSE1023
20191023
90 56 67 87 68 96
44 55 66 44 66 66
88 77 66 67 77 55
0 0 0 0 0 0
0 0 0 0 0 0
0 0 0 0 0 0
0 0 0 0 0 0
0 0 0 0 0 0
24
Sakib
Mirpur
BSSE1024
20191024
90 56 67 87 68 96
44 55 66 44 66 66
88 77 66 67 77 55
0 0 0 0 0 0
0 0 0 0 0 0
0 0 0 0 0 0
0 0 0 0 0 0
0 0 0 0 0 0
25
Shafik
Jigatola
BSSE1025
20191025
90 56 67 87 68 96
44 55 66 44 66 66
88 77 66 67 77 55
0 0 0 0 0 0
0 0 0 0 0 0
0 0 0 0 0 0
0 0 0 0 0 0
0 0 0 0 0 0
26
Rudro
Katabon
BSSE1026
20191026
90 56 67 87 68 96
44 55 66 44 66 66
88 77 66 67 77 55
0 0 0 0 0 0
0 0 0 0 0 0
0 0 0 0 0 0
0 0 0 0 0 0
0 0 0 0 0 0
27
Tahmeed
Narayongonj
BSSE1027
20191027
90 56 67 87 68 96
44 55 66 44 66 66
88 77 66 67 77 55
0 0 0 0 0 0
0 0 0 0 0 0
0 0 0 0 0 0
0 0 0 0 0 0
0 0 0 0 0 0
28
Tasmia
Dhanmondi
BSSE1028
20191028
88 98 77 86 67 43
44 55 66 44 66 66
88 77 66 67 77 55
0 0 0 0 0 0
0 0 0 0 0 0
0 0 0 0 0 0
0 0 0 0 0 0
0 0 0 0 0 0
29
Rakib
Khikhet
BSSE1029
20191029
90 56 67 87 68 96
44 55 66 44 66 66
88 77 66 67 77 55
0 0 0 0 0 0
0 0 0 0 0 0
0 0 0 0 0 0
0 0 0 0 0 0
0 0 0 0 0 0
30
Galib
Buet
BSSE1030
20191030
90 56 67 87 68 96
44 55 66 44 66 66
88 77 66 67 77 55
0 0 0 0 0 0
0 0 0 0 0 0
0 0 0 0 0 0
0 0 0 0 0 0
0 0 0 0 0 0
31
Adnan
Elephant Road
BSSE1031
20191031
90 56 67 87 68 96
44 55 66 44 66 66
88 77 66 67 77 55
0 0 0 0 0 0
0 0 0 0 0 0
0 0 0 0 0 0
0 0 0 0 0 0
0 0 0 0 0 0
32
Proma
AK
BSSE1032
20191032
90 56 67 87 68 96
44 55 66 44 66 66
88 77 66 67 77 55
0 0 0 0 0 0
0 0 0 0 0 0
0 0 0 0 0 0
0 0 0 0 0 0
0 0 0 0 0 0
1
Mohsin
Khilkhet
BSSE901
2017901
88 98 77 86 67 43
44 55 66 44 66 66
88 77 66 67 77 55
77 88 69 77 66 99
66 59 77 69 77 55
0 0 0 0 0 0
0 0 0 0 0 0
0 0 0 0 0 0
2
Fahim Morshed
Mogbazar
BSSE902
2017902
90 56 67 87 68 96
44 55 66 44 66 66
88 77 66 67 77 55
77 88 69 77 66 99
66 59 77 69 77 55
0 0 0 0 0 0
0 0 0 0 0 0
0 0 0 0 0 0
3
Jholak
FH
BSSE903
2017903
90 56 67 87 68 96
44 55 66 44 66 66
88 77 66 67 77 55
77 88 69 77 66 99
66 59 77 69 77 55
0 0 0 0 0 0
0 0 0 0 0 0
0 0 0 0 0 0
4
Siam Ahmed
Chankharpul
BSSE904
2017904
90 56 67 87 68 96
44 55 66 44 66 66
88 77 66 67 77 55
77 88 69 77 66 99
66 59 77 69 77 55
0 0 0 0 0 0
0 0 0 0 0 0
0 0 0 0 0 0
5
Fahad Hossain
Nakhalpara
BSSE905
2017905
90 56 67 87 68 96
44 55 66 44 66 66
88 77 66 67 77 55
77 88 69 77 66 99
66 59 77 69 77 55
0 0 0 0 0 0
0 0 0 0 0 0
0 0 0 0 0 0
6
Shirsho
Kathalbagan
BSSE906
2017906
90 56 67 87 68 96
44 55 66 44 66 66
88 77 66 67 77 55
77 88 69 77 66 99
66 59 77 69 77 55
0 0 0 0 0 0
0 0 0 0 0 0
0 0 0 0 0 0
7
Nousin
Mohammodpur
BSSE907
2017907
90 56 67 87 68 96
44 55 66 44 66 66
88 77 66 67 77 55
77 88 69 77 66 99
66 59 77 69 77 55
0 0 0 0 0 0
0 0 0 0 0 0
0 0 0 0 0 0
8
Sakib
Mirpur
BSSE908
2017908
90 56 67 87 68 96
44 55 66 44 66 66
88 77 66 67 77 55
77 88 69 77 66 99
66 59 77 69 77 55
0 0 0 0 0 0
0 0 0 0 0 0
0 0 0 0 0 0
9
Mahin
Cantonment
BSSE909
2019909
90 56 67 87 68 96
44 55 66 44 66 66
88 77 66 67 77 55
77 88 69 77 66 99
66 59 77 69 77 55
0 0 0 0 0 0
0 0 0 0 0 0
0 0 0 0 0 0
10
Mushfik
Mohammodpur
BSSE910
2019910
90 56 67 87 68 96
44 55 66 44 66 66
88 77 66 67 77 55
77 88 69 77 66 99
66 59 77 69 77 55
0 0 0 0 0 0
0 0 0 0 0 0
0 0 0 0 0 0
11
Kazi Muktadir
Kolabagan
BSSE911
2019911
90 56 67 87 68 96
44 55 66 44 66 66
88 77 66 67 77 55
77 88 69 77 66 99
66 59 77 69 77 55
0 0 0 0 0 0
0 0 0 0 0 0
0 0 0 0 0 0
12
Arif Hasan
FH
BSSE912
2019912
90 56 67 87 68 96
44 55 66 44 66 66
88 77 66 67 77 55
77 88 69 77 66 99
66 59 77 69 77 55
0 0 0 0 0 0
0 0 0 0 0 0
0 0 0 0 0 0
13
Inzamam ul haque
Chankharpul
BSSE913
2019913
90 56 67 87 68 96
44 55 66 44 66 66
88 77 66 67 77 55
77 88 69 77 66 99
66 59 77 69 77 55
0 0 0 0 0 0
0 0 0 0 0 0
0 0 0 0 0 0
14
Mustahid
Basabo
BSSE914
2019914
90 56 67 87 68 96
44 55 66 44 66 66
88 77 66 67 77 55
77 88 69 77 66 99
66 59 77 69 77 55
0 0 0 0 0 0
0 0 0 0 0 0
0 0 0 0 0 0
15
Jitesh Sureka
Bata Signal
BSSE915
2019915
90 56 67 87 68 96
44 55 66 44 66 66
88 77 66 67 77 55
77 88 69 77 66 99
66 59 77 69 77 55
0 0 0 0 0 0
0 0 0 0 0 0
0 0 0 0 0 0
16
Muktar
AK
BSSE916
2019916
90 56 67 87 68 96
44 55 66 44 66 66
88 77 66 67 77 55
77 88 69 77 66 99
66 59 77 69 77 55
0 0 0 0 0 0
0 0 0 0 0 0
0 0 0 0 0 0
17
Raisul Islam Rahat
Chankharpul
BSSE917
2019917
90 56 67 87 68 96
44 55 66 44 66 66
88 77 66 67 77 55
77 88 69 77 66 99
66 59 77 69 77 55
0 0 0 0 0 0
0 0 0 0 0 0
0 0 0 0 0 0
18
Khairul Alom
Chankharpul
BSSE918
2019918
90 56 67 87 68 96
44 55 66 44 66 66
88 77 66 67 77 55
77 88 69 77 66 99
66 59 77 69 77 55
0 0 0 0 0 0
0 0 0 0 0 0
0 0 0 0 0 0
19
Jubayer Hossain
AK
BSSE919
2019919
90 56 67 87 68 96
44 55 66 44 66 66
88 77 66 67 77 55
77 88 69 77 66 99
66 59 77 69 77 55
0 0 0 0 0 0
0 0 0 0 0 0
0 0 0 0 0 0
20
Alif
Jatrabari
BSSE920
2019920
90 56 67 87 68 96
44 55 66 44 66 66
88 77 66 67 77 55
77 88 69 77 66 99
66 59 77 69 77 55
0 0 0 0 0 0
0 0 0 0 0 0
0 0 0 0 0 0
21
Piash
Katabon
BSSE921
2019921
90 56 67 87 68 96
44 55 66 44 66 66
88 77 66 67 77 55
77 88 69 77 66 99
66 59 77 69 77 55
0 0 0 0 0 0
0 0 0 0 0 0
0 0 0 0 0 0
22
Saad Noor
Mugdha
BSSE922
2019922
90 56 67 87 68 96
44 55 66 44 66 66
88 77 66 67 77 55
77 88 69 77 66 99
66 59 77 69 77 55
0 0 0 0 0 0
0 0 0 0 0 0
0 0 0 0 0 0
23
Nahid
Chankharpul
BSSE923
2019923
90 56 67 87 68 96
44 55 66 44 66 66
88 77 66 67 77 55
77 88 69 77 66 99
66 59 77 69 77 55
0 0 0 0 0 0
0 0 0 0 0 0
0 0 0 0 0 0
24
Sakib
Mirpur
BSSE924
2019924
90 56 67 87 68 96
44 55 66 44 66 66
88 77 66 67 77 55
77 88 69 77 66 99
66 59 77 69 77 55
0 0 0 0 0 0
0 0 0 0 0 0
0 0 0 0 0 0
25
Shafik
Jigatola
BSSE925
2019925
90 56 67 87 68 96
44 55 66 44 66 66
88 77 66 67 77 55
77 88 69 77 66 99
66 59 77 69 77 55
0 0 0 0 0 0
0 0 0 0 0 0
0 0 0 0 0 0
26
Rudro
Katabon
BSSE926
2019926
90 56 67 87 68 96
44 55 66 44 66 66
88 77 66 67 77 55
77 88 69 77 66 99
66 59 77 69 77 55
0 0 0 0 0 0
0 0 0 0 0 0
0 0 0 0 0 0
27
Tahmeed
Narayongonj
BSSE927
2019927
90 56 67 87 68 96
44 55 66 44 66 66
88 77 66 67 77 55
77 88 69 77 66 99
66 59 77 69 77 55
0 0 0 0 0 0
0 0 0 0 0 0
0 0 0 0 0 0
28
Tasmia
Dhanmondi
BSSE928
2019928
88 98 77 86 67 43
44 55 66 44 66 66
88 77 66 67 77 55
77 88 69 77 66 99
66 59 77 69 77 55
0 0 0 0 0 0
0 0 0 0 0 0
0 0 0 0 0 0
29
Rakib
Khikhet
BSSE929
2019929
90 56 67 87 68 96
44 55 66 44 66 66
88 77 66 67 77 55
77 88 69 77 66 99
66 59 77 69 77 55
0 0 0 0 0 0
0 0 0 0 0 0
0 0 0 0 0 0
30
Galib
Buet
BSSE930
2019930
90 56 67 87 68 96
44 55 66 44 66 66
88 77 66 67 77 55
77 88 69 77 66 99
66 59 77 69 77 55
0 0 0 0 0 0
0 0 0 0 0 0
0 0 0 0 0 0
31
Adnan
Elephant Road
BSSE931
2019931
90 56 67 87 68 96
44 55 66 44 66 66
88 77 66 67 77 55
77 88 69 77 66 99
66 59 77 69 77 55
0 0 0 0 0 0
0 0 0 0 0 0
0 0 0 0 0 0
32
Proma
AK
BSSE932
2019932
90 56 67 87 68 96
44 55 66 44 66 66
88 77 66 67 77 55
77 88 69 77 66 99
66 59 77 69 77 55
0 0 0 0 0 0
0 0 0 0 0 0
0 0 0 0 0 0
1
Mohsin
Khilkhet
BSSE801
2016801
88 98 77 86 67 43
44 55 66 44 66 66
88 77 66 67 77 55
77 88 69 77 66 99
66 59 77 69 77 55
88 77 88 88 88 88
0 0 0 0 0 0
0 0 0 0 0 0
2
Fahim Morshed
Mogbazar
BSSE802
2016802
90 56 67 87 68 96
44 55 66 44 66 66
88 77 66 67 77 55
77 88 69 77 66 99
66 59 77 69 77 55
88 77 88 88 88 88
0 0 0 0 0 0
0 0 0 0 0 0
3
Jholak
FH
BSSE803
2016803
90 56 67 87 68 96
44 55 66 44 66 66
88 77 66 67 77 55
77 88 69 77 66 99
66 59 77 69 77 55
88 77 88 88 88 88
0 0 0 0 0 0
0 0 0 0 0 0
4
Siam Ahmed
Chankharpul
BSSE804
2016804
90 56 67 87 68 96
44 55 66 44 66 66
88 77 66 67 77 55
77 88 69 77 66 99
66 59 77 69 77 55
88 77 88 88 88 88
0 0 0 0 0 0
0 0 0 0 0 0
5
Fahad Hossain
Nakhalpara
BSSE805
2016805
90 56 67 87 68 96
44 55 66 44 66 66
88 77 66 67 77 55
77 88 69 77 66 99
66 59 77 69 77 55
88 77 88 88 88 88
0 0 0 0 0 0
0 0 0 0 0 0
6
Shirsho
Kathalbagan
BSSE806
2016806
90 56 67 87 68 96
44 55 66 44 66 66
88 77 66 67 77 55
77 88 69 77 66 99
66 59 77 69 77 55
88 77 88 88 88 88
0 0 0 0 0 0
0 0 0 0 0 0
7
Nousin
Mohammodpur
BSSE807
2016807
90 56 67 87 68 96
44 55 66 44 66 66
88 77 66 67 77 55
77 88 69 77 66 99
66 59 77 69 77 55
88 77 88 88 88 88
0 0 0 0 0 0
0 0 0 0 0 0
8
Sakib
Mirpur
BSSE808
2016808
90 56 67 87 68 96
44 55 66 44 66 66
88 77 66 67 77 55
77 88 69 77 66 99
66 59 77 69 77 55
88 77 88 88 88 88
0 0 0 0 0 0
0 0 0 0 0 0
9
Mahin
Cantonment
BSSE809
2016809
90 56 67 87 68 96
44 55 66 44 66 66
88 77 66 67 77 55
77 88 69 77 66 99
66 59 77 69 77 55
88 77 88 88 88 88
0 0 0 0 0 0
0 0 0 0 0 0
10
Mushfik
Mohammodpur
BSSE810
2019810
90 56 67 87 68 96
44 55 66 44 66 66
88 77 66 67 77 55
77 88 69 77 66 99
66 59 77 69 77 55
88 77 88 88 88 88
0 0 0 0 0 0
0 0 0 0 0 0
11
Kazi Muktadir
Kolabagan
BSSE811
2019811
90 56 67 87 68 96
44 55 66 44 66 66
88 77 66 67 77 55
77 88 69 77 66 99
66 59 77 69 77 55
88 77 88 88 88 88
0 0 0 0 0 0
0 0 0 0 0 0
12
Arif Hasan
FH
BSSE812
2019812
90 56 67 87 68 96
44 55 66 44 66 66
88 77 66 67 77 55
77 88 69 77 66 99
66 59 77 69 77 55
88 77 88 88 88 88
0 0 0 0 0 0
0 0 0 0 0 0
13
Inzamam ul haque
Chankharpul
BSSE813
2019813
90 56 67 87 68 96
44 55 66 44 66 66
88 77 66 67 77 55
77 88 69 77 66 99
66 59 77 69 77 55
88 77 88 88 88 88
0 0 0 0 0 0
0 0 0 0 0 0
14
Mustahid
Basabo
BSSE814
2019814
90 56 67 87 68 96
44 55 66 44 66 66
88 77 66 67 77 55
77 88 69 77 66 99
66 59 77 69 77 55
88 77 88 88 88 88
0 0 0 0 0 0
0 0 0 0 0 0
15
Jitesh Sureka
Bata Signal
BSSE815
2019815
90 56 67 87 68 96
44 55 66 44 66 66
88 77 66 67 77 55
77 88 69 77 66 99
66 59 77 69 77 55
88 77 88 88 88 88
0 0 0 0 0 0
0 0 0 0 0 0
16
Muktar
AK
BSSE816
2019816
90 56 67 87 68 96
44 55 66 44 66 66
88 77 66 67 77 55
77 88 69 77 66 99
66 59 77 69 77 55
88 77 88 88 88 88
0 0 0 0 0 0
0 0 0 0 0 0
17
Raisul Islam Rahat
Chankharpul
BSSE817
2019817
90 56 67 87 68 96
44 55 66 44 66 66
88 77 66 67 77 55
77 88 69 77 66 99
66 59 77 69 77 55
88 77 88 88 88 88
0 0 0 0 0 0
0 0 0 0 0 0
18
Khairul Alom
Chankharpul
BSSE818
2019818
90 56 67 87 68 96
44 55 66 44 66 66
88 77 66 67 77 55
77 88 69 77 66 99
66 59 77 69 77 55
88 77 88 88 88 88
0 0 0 0 0 0
0 0 0 0 0 0
19
Jubayer Hossain
AK
BSSE819
2019819
90 56 67 87 68 96
44 55 66 44 66 66
88 77 66 67 77 55
77 88 69 77 66 99
66 59 77 69 77 55
88 77 88 88 88 88
0 0 0 0 0 0
0 0 0 0 0 0
20
Alif
Jatrabari
BSSE820
2019820
90 56 67 87 68 96
44 55 66 44 66 66
88 77 66 67 77 55
77 88 69 77 66 99
66 59 77 69 77 55
88 77 88 88 88 88
0 0 0 0 0 0
0 0 0 0 0 0
21
Piash
Katabon
BSSE821
2019821
90 56 67 87 68 96
44 55 66 44 66 66
88 77 66 67 77 55
77 88 69 77 66 99
66 59 77 69 77 55
88 77 88 88 88 88
0 0 0 0 0 0
0 0 0 0 0 0
22
Saad Noor
Mugdha
BSSE822
2019822
90 56 67 87 68 96
44 55 66 44 66 66
88 77 66 67 77 55
77 88 69 77 66 99
66 59 77 69 77 55
88 77 88 88 88 88
0 0 0 0 0 0
0 0 0 0 0 0
23
Nahid
Chankharpul
BSSE823
2019823
90 56 67 87 68 96
44 55 66 44 66 66
88 77 66 67 77 55
77 88 69 77 66 99
66 59 77 69 77 55
88 77 88 88 88 88
0 0 0 0 0 0
0 0 0 0 0 0
24
Sakib
Mirpur
BSSE824
2019824
90 56 67 87 68 96
44 55 66 44 66 66
88 77 66 67 77 55
77 88 69 77 66 99
66 59 77 69 77 55
88 77 88 88 88 88
0 0 0 0 0 0
0 0 0 0 0 0
25
Shafik
Jigatola
BSSE825
2019825
90 56 67 87 68 96
44 55 66 44 66 66
88 77 66 67 77 55
77 88 69 77 66 99
66 59 77 69 77 55
88 77 88 88 88 88
0 0 0 0 0 0
0 0 0 0 0 0
26
Rudro
Katabon
BSSE826
2019826
90 56 67 87 68 96
44 55 66 44 66 66
88 77 66 67 77 55
77 88 69 77 66 99
66 59 77 69 77 55
88 77 88 88 88 88
0 0 0 0 0 0
0 0 0 0 0 0
27
Tahmeed
Narayongonj
BSSE827
2019827
90 56 67 87 68 96
44 55 66 44 66 66
88 77 66 67 77 55
77 88 69 77 66 99
66 59 77 69 77 55
88 77 88 88 88 88
0 0 0 0 0 0
0 0 0 0 0 0
28
Tasmia
Dhanmondi
BSSE828
2019828
88 98 77 86 67 43
44 55 66 44 66 66
88 77 66 67 77 55
77 88 69 77 66 99
66 59 77 69 77 55
88 77 88 88 88 88
0 0 0 0 0 0
0 0 0 0 0 0
29
Rakib
Khikhet
BSSE829
2019829
90 56 67 87 68 96
44 55 66 44 66 66
88 77 66 67 77 55
77 88 69 77 66 99
66 59 77 69 77 55
88 77 88 88 88 88
0 0 0 0 0 0
0 0 0 0 0 0
30
Galib
Buet
BSSE830
2019830
90 56 67 87 68 96
44 55 66 44 66 66
88 77 66 67 77 55
77 88 69 77 66 99
66 59 77 69 77 55
88 77 88 88 88 88
0 0 0 0 0 0
0 0 0 0 0 0
31
Adnan
Elephant Road
BSSE831
2019831
90 56 67 87 68 96
44 55 66 44 66 66
88 77 66 67 77 55
77 88 69 77 66 99
66 59 77 69 77 55
88 77 88 88 88 88
0 0 0 0 0 0
0 0 0 0 0 0
32
Proma
AK
BSSE832
2019832
90 56 67 87 68 96
44 55 66 44 66 66
88 77 66 67 77 55
77 88 69 77 66 99
66 59 77 69 77 55
88 77 88 88 88 88
0 0 0 0 0 0
0 0 0 0 0 0